00000000 00000001
00000004 00000003
00000008 00000000
0000000c 000000ff
00000010 00001388
00000014 00000064
00000018 dead0000
0000001c 00000010
00000020 00000001
00000024 00000000
00000028 0000270f
0000002c 00000005
00000030 00000bb8
00000034 00000001
00000038 000000a0
0000003c 00000009
00000040 00000400
00000044 00000003
00000048 00000001
0000004c 00004e20
00000050 00000000
00000054 20000000
00000058 000000ff
0000005c 00000001
00000060 00000000
00000064 00000000
00000068 00000000
0000006c 00000007
00000070 00000002
00000074 00010203
00000078 00000000
0000007c cafebabe
00000080
